world: cb47067b-6901-47fb-aa63-cf79032a4db9
world-name: world
x: 322.46757149217746
y: 11.0
z: 338.82430385044023
yaw: -96.26714324951172
pitch: 54.749996185302734
name: back
lastowner: 4462ed9e-e071-3c29-979e-835956e35dc6
