world: cb47067b-6901-47fb-aa63-cf79032a4db9
world-name: world
x: 30.308234071671887
y: 86.82500439485739
z: 598.600629609502
yaw: 268.24176025390625
pitch: 17.999990463256836
name: balls
lastowner: 4462ed9e-e071-3c29-979e-835956e35dc6
