world: cb47067b-6901-47fb-aa63-cf79032a4db9
world-name: world
x: 5.2565280377719965
y: 79.0
z: 168.33616664584628
yaw: 4.0917816162109375
pitch: 57.149993896484375
name: bridge
lastowner: 4462ed9e-e071-3c29-979e-835956e35dc6
