world: cb47067b-6901-47fb-aa63-cf79032a4db9
world-name: world
x: 19.5
y: 64.0
z: 436.5
yaw: 295.3916015625
pitch: 27.599994659423828
name: bunk
lastowner: 4462ed9e-e071-3c29-979e-835956e35dc6
